162027
365878
963683
968197
625569
086977
833861
430453
318276
196104
805506
932512
480745
019668
551653
979411
688631
760289
703177
986135
420053
944433
102119
064709
527273
008583
389364
052030
768346
042662
913249
690071
439817
781113
562342
167036
327488
795815
883662
482135
009586
975219
077281
292345
279159
205150
851071
421639
413277
325876
826791
801661
963740
947063
882753
339703
527712
798135
339385
144029
454905
659785
087126
165554
277024
378286
650754
547976
679346
729877
660110
751114
441919
115056
994974
638213
097954
362634
837385
804960
299387
582702
892073
326750
714929
536589
932164
519152
038145
523285
165625
332848
432945
749017
735384
267928
167245
614661
915923
796796
886565
507888
491574
820952
904517
966337
152367
027213
026442
102944
600931
403726
759827
759336
333364
442531
282111
140849
729854
278692
155154
747379
179422
946550
621531
689790
332326
764810
155648
222046
104723
253751
192661
490281
474800
624689
946155
257639
879960
639296
898123
741763
458694
693230
078890
223264
154381
009639
681139
323773
575243
381872
296197
831346
263984
404424
495005
176364
468336
432173
698810
690189
969319
020822
618730
961945
315876
313179
274480
570508
455612
418650
228751
577844
732973
638092
967240
199483
008028
846446
604284
958597
057634
549282
303856
426803
949004
026164
307811
662645
996770
756640
323350
616559
824616
155041
147298
070720
458217
153872
879130
563076
706932
313942
902468
384207
882639
459916
126131
890939
224229
310594
877743
880166
458686
286041
945033
104689
718165
115832
979486
937363
547989
358565
596792
035655
331709
934595
727187
168902
708123
093025
509044
720004
085241
904582
045925
397280
911440
127931
456121
067514
474237
354397
326984
171339
576298
730939
001785
633068
659703
869739
580031
602198
265409
636570
922836
214557
398376
604755
923985
965809
120744
956937
066045
888578
920001
127265
997950
567449
461724
537700
928868
253496
571477
734336
283300
934355
748673
710494
139091
378631
814919
078904
506697
441993
680553
669653
283137
917872
637228
010922
579236
137477
537725
881982
321724
907565
571283
881220
058527
621433
273555
357642
717406
863896
778820
977312
704572
764979
856806
806102
075130
535958
933788
103663
510867
227301
421866
634762
638013
839175
700094
420085
635128
019203
923417
342251
618126
409859
160419
788114
852667
575460
766089
050942
247874
565523
868231
136111
432426
186546
191850
363074
373437
257198
092155
547357
646680
282256
179300
394222
528390
919663
760355
187209
814625
413458
075032
260290
139998
732875
798943
817455
021863
140239
949074
322101
900412
327313
524873
159934
310703
194940
490404
384964
795690
248317
272155
658962
285458
416136
127303
896982
489695
651266
452920
773379
274440
365468
755217
838478
122061
860134
863148
316116
011970
141403
753588
250721
416549
838310
715765
986701
924335
377412
946846
504423
213122
410799
748563
124773
938550
384242
265082
402625
238238
756382
911093
931538
352482
428863
328918
277007
142550
719477
707569
559266
782699
693416
995661
788376
149837
274033
534799
600376
034834
655463
301918
288714
044350
080879
090468
162668
445314
994157
158839
577439
313773
497488
000714
624563
092119
089590
708834
899051
235449
129277
675104
931242
911754
381634
360604
870247
179831
736556
825977
265890
233052
397754
242443
253795
339742
474833
333228
121211
621315
449639
425534
613967
346850
281858
584988
469838
676958
838118
204723
639277
842734
517970
717150
966001
447429
343552
213719
459452
388989
668218
811890
467155