290764
621925
106964
340205
122474
672201
228164
312219
897583
896544
790596
987247
143190
511397
009876
885232
970207
568988
215051
124160
654786
611273
933341
421740
376825
485077
217404
277400
263284
338625
577796
155215
365015
983074
376847
395486
357830
724115
505199
357935
802632
696944
631017
698397
168242
362340
434200
462092
172702
006560
319308
486135
813600
283298
358527
379600
074421
952149
151605
677418
020717
692960
968436
695405
246068
615408
377574
800286
139302
940921
906654
615842
976457
115988
246894
587658
763826
544644
113304
331821
157713
111413
884224
219591
191200
825526
068623
729425
803334
835446
789656
528859
108951
543237
570700
784241
989572
691546
725533
296096
370193
858265
754520
181627
145638
256513
256527
883526
407568
931142
179684
895184
961118
821413
991472
206704
455741
889155
023445
094251
211870
748444
607778
630755
179352
632677
689040
279451
190170
018528
640248
185144
053485
008191
217316
050087
052250
997450
169705
739656
671719
135369
221738
021022
115223
841511
651915
243468
633072
148824
509068
216261
236787
792530
124187
653798
492345
547213
234788
378502
222234
026675
524860
409042
577223
540207
691292
239658
855970
278977
877566
324831
266031
535747
549012
400407
372186
080910
170331
657084
833646
097740
120940
914898
830890
672352
806181
530082
410572
084755
343965
358951
643770
623029
743373
126937
596901
951234
619500
533297
982709
049680
739503
470406
059306
224296
752403
198187
882826
667477
158578
653009
942609
834666
448280
624220
334692
320327
561508
649196
635839
673148
874592
124638
198611
974430
633424
707068
389187
928874
287017
201053
696480
563503
477324
849186
026449
235818
846571
191685
665489
526627
201055
966712
655316
725748
668111
743490
321766
243979
174769
893709
086391
596838
059243
475523
930321
804741
710047
694552
641512
958023
873157
725046
854731
463650
657632
037778
520491
316553
924649
824394
373487
692120
356532
449080
998500
019812
920975
815444
272946
730896
449494
779887
083657
489902
028619
973838
825339
614729
865421
091618
808110
537904
356651
688331
414099
995104
926823
410773
076625
400991
125472
106373
102375
569147
845065
615083
109918
969427
341871
076985
666429
662662
131284
195325
372541
991769
755958
332233
195488
671206
452510
083086
886692
682384
352987
908614
974813
625546
923622
083712
754166
376134
120954
922774
324060
624386
548989
444850
130449
455825
822484
982284
760873
066797
635914
856537
056948
520871
113154
521649
900107
145016
061711
839383
386149
165928
382625
103596
194875
294137
612120
195585
331624
310603
833544
562924
112749
759251
041986
139464
622076
245176
157016
763532
901369
791763
432944
542190
761429
013864
025070
415592
732953
028090
160081
092536
932604
062696
512778
524454
276728
736203
152702
140842
536559
116179
165262
994028
208236
391255
156557
123953
524436
951354
290791
362131
755282
218167
970406
444761
551082
385266
882027
799144
901382
689593
836779
127354
907881
353667
928310
435198
085261
205691
707880
262453
439717
306712
153379
977987
867506
635837
470330
963253
616483
179257
802332
880446
364645
801892
156399
763537
066676
010171
341606
796527
490938
025024
971969
023802
838333
231001
649466
128411
913082
314510
480944
369322
441226
849507
149079
248910
964706
713615
622991
072859
015857
782335
605766
144785
123215
580086
767439
062204
846403
071353
985693
203832
535239
365572
485527
510299
072520
404045
476592
367510
232275
240635
845665
023588
811639
552488
264174
640156
325707
663140
880421
345469